0 787 788 995 1322 1269 1012
62 784 782 995 1323 1270 1011
125 787 790 995 1321 1272 1012
186 783 783 995 1323 1271 1012
250 795 786 996 1323 1271 1012
311 785 775 995 1322 1270 1011
374 784 784 995 1321 1270 1011
436 784 787 995 1321 1270 1011
499 786 784 995 1322 1269 1011
562 767 784 995 1322 1269 1011
625 784 790 995 1322 1270 1011
687 786 786 995 1322 1270 1011
750 839 839 996 1323 1270 1011
813 787 780 995 1323 1270 1011
876 780 781 995 1322 1269 1011
939 783 786 995 1322 1269 1012
1002 839 825 996 1322 1271 1012
1065 785 791 995 1325 1271 1011
1129 782 790 995 1322 1270 1011
1189 789 792 994 1322 1270 1011
1252 839 826 995 1322 1270 1011
1315 790 790 995 1322 1270 1012
1377 787 780 995 1322 1270 1012
1440 787 790 995 1322 1269 1011
1503 767 763 995 1322 1269 1012
1566 777 779 995 1321 1269 1012
1628 823 839 995 1322 1271 1011
1691 783 761 995 1323 1271 1012
1753 774 770 995 1322 1271 1012
1816 778 774 995 1322 1270 1012
1879 777 778 995 1323 1271 1012
1942 787 745 995 1323 1271 1012
2003 779 777 996 1323 1270 1011
2066 776 742 996 1323 1270 1012
2129 778 782 996 1323 1270 1011
2192 773 778 996 1323 1270 1011
2256 824 839 996 1324 1269 1010
2319 795 798 996 1324 1270 1010
2380 784 771 997 1323 1269 1010
2443 767 773 996 1323 1269 1009
2506 760 760 995 1323 1269 1009
2569 822 838 996 1323 1270 1009
2632 764 746 996 1324 1269 1008
2693 759 755 997 1323 1270 1008
2756 768 765 997 1324 1270 1009
2819 769 768 997 1324 1270 1009
2882 767 776 997 1324 1270 1009
2945 772 768 997 1323 1270 1008
3008 780 772 997 1324 1270 1009
3071 837 837 997 1324 1271 1009
3134 773 769 998 1323 1270 1007
3196 755 757 998 1323 1269 1006
3258 828 837 998 1324 1269 1003
3321 781 766 999 1325 1271 999
3383 772 765 1001 1325 1270 999
3446 771 764 1002 1327 1271 997
3510 747 743 1006 1330 1272 994
3573 771 762 1009 1333 1274 997
3634 773 755 1011 1336 1276 995
3697 772 755 1015 1337 1277 992
3760 775 756 1011 1335 1275 996
3823 772 756 999 1325 1270 1009
3884 772 764 995 1324 1272 1011
3947 759 753 996 1322 1270 1010
4010 761 748 996 1323 1270 1010
4073 755 755 996 1324 1269 1010
4136 761 758 996 1324 1270 1010
4203 771 758 995 1324 1269 1010
4266 755 760 996 1322 1269 1009
4329 838 838 995 1322 1269 1010
4391 758 757 996 1323 1270 1010
4453 756 761 995 1324 1270 1010
4516 756 760 996 1322 1270 1010
4579 837 838 996 1323 1270 1010
4642 796 757 996 1322 1269 1010
4703 758 755 995 1322 1270 1010
4766 762 759 996 1322 1270 1010
4829 840 838 996 1322 1269 1010
4892 766 754 995 1322 1269 1010
4954 760 753 995 1323 1269 1010
5018 761 759 996 1323 1270 1010
5081 758 757 996 1322 1271 1010
5144 838 838 996 1342 1278 1010
5207 767 756 996 1323 1270 1011
5268 762 763 996 1323 1271 1011
5331 759 759 996 1323 1269 1010
5394 763 763 996 1322 1271 1011
5457 758 762 996 1323 1270 1011
5520 768 764 995 1323 1270 1010
5583 759 756 996 1323 1270 1011
5646 762 764 995 1323 1269 1010
5709 759 762 996 1323 1271 1010
5772 763 764 995 1324 1271 1010
5835 792 754 996 1322 1270 1010
5896 762 764 996 1322 1269 1010
5959 837 838 996 1323 1270 1010
6022 765 762 995 1323 1270 1010
6084 761 763 995 1323 1271 1009
6148 763 759 996 1322 1270 1010
6211 759 761 995 1323 1269 1009
6274 761 760 994 1322 1270 1009
6338 775 757 995 1321 1269 1005
6399 777 772 995 1322 1267 995
6463 841 838 997 1323 1267 985
6526 840 841 1000 1325 1265 974
6590 841 843 1002 1327 1266 970
6652 828 843 1002 1326 1265 969
6715 842 842 1002 1325 1263 969
6779 823 842 1001 1325 1263 969
6842 842 842 1001 1325 1263 966
6905 842 842 1001 1324 1263 964
6968 842 843 1001 1324 1263 962
7030 842 843 1000 1324 1262 958
7093 789 797 999 1323 1261 951
7156 813 844 999 1321 1260 932
7218 843 843 998 1322 1260 885
7281 843 843 998 1320 1258 815
7344 846 844 997 1321 1257 772
7407 790 797 997 1320 1256 732
7470 826 844 996 1318 1255 701
7531 844 844 995 1318 1257 654
7595 843 843 994 1317 1257 629
7657 843 830 993 1315 1255 609
7720 844 844 993 1314 1255 597
7785 838 843 991 1315 1253 575
7847 843 844 991 1314 1253 560
7910 787 797 990 1313 1250 547
7973 826 831 988 1313 1253 545
8036 843 832 987 1310 1251 545
8099 786 798 986 1311 1248 554
8162 844 823 984 1308 1248 554
8225 832 844 983 1308 1245 554
8287 787 798 982 1307 1241 548
8350 805 803 979 1307 1231 560
8412 811 804 979 1307 1206 568
8475 808 803 978 1307 1123 593
8538 798 803 977 1305 1008 614
8602 800 804 975 1304 917 640
8665 813 803 975 1299 823 700
8726 799 804 974 1299 751 771
8789 808 804 971 1291 673 868
8852 798 813 969 1272 647 949
8914 809 813 967 1170 673 961
8976 800 831 973 1009 734 965
9039 845 845 966 894 795 971
9102 786 799 966 794 904 973
9165 841 844 961 738 1029 971
9230 838 833 948 686 1190 971
9293 843 843 891 700 1236 973
9356 832 844 775 764 1243 973
9418 847 844 704 847 1247 977
9481 839 845 636 962 1247 976
9544 792 796 607 1115 1256 978
9607 831 840 579 1278 1249 979
9670 843 843 565 1289 1246 980
9733 790 796 565 1291 1245 982
9796 841 842 565 1293 1246 983
9858 841 842 574 1296 1247 984
9921 845 842 578 1298 1250 986
9984 841 842 602 1298 1247 987
10047 841 841 625 1296 1249 988
10110 841 841 704 1296 1248 989
10173 840 841 746 1297 1250 990
10236 845 841 810 1296 1251 990
10299 840 840 898 1299 1251 993
10362 840 839 940 1299 1251 993
10425 825 840 954 1300 1253 994
10489 839 840 956 1300 1253 994
10552 792 798 956 1300 1252 994
10614 825 839 955 1301 1251 994
10678 839 840 957 1300 1253 994
10740 812 840 958 1301 1252 995
10803 791 796 960 1302 1254 996
10867 826 839 961 1302 1255 996
10929 839 840 960 1303 1254 996
10993 822 840 960 1301 1254 995
11056 840 839 962 1303 1255 997
11119 838 838 984 1318 1266 1007
11182 805 799 992 1319 1267 1007
11245 778 797 993 1320 1267 1008
11308 774 795 993 1320 1267 1008
11371 770 785 993 1320 1267 1008
11434 774 791 993 1321 1268 1008
11497 789 784 993 1320 1268 1008
11559 796 789 993 1321 1266 1007
11621 785 791 993 1320 1268 1008
11684 787 756 993 1321 1268 1010
11745 766 762 993 1320 1268 1010
11808 790 789 995 1322 1270 1010
11871 839 827 996 1323 1270 1010
11934 791 783 994 1322 1268 1009
11996 841 838 996 1323 1269 1008
12058 839 839 997 1322 1268 1006
12121 842 838 996 1322 1268 1006
12186 838 839 996 1322 1269 1008
12249 786 792 996 1323 1270 1010
12312 824 839 996 1323 1269 1011
12373 839 840 996 1322 1271 1012
12436 784 793 996 1322 1270 1012
12499 840 818 995 1322 1271 1013
12561 840 801 995 1324 1270 1014
12624 809 800 995 1322 1270 1013
12688 785 796 995 1323 1270 1013
12751 789 794 995 1321 1270 1013
12812 786 797 993 1320 1268 1012
12875 786 800 992 1320 1268 1014
12938 785 805 995 1323 1272 1020
13001 787 807 994 1323 1275 1026
13064 785 812 998 1325 1276 1029
13127 791 813 1002 1330 1280 1033
13190 786 814 1005 1333 1285 1040
13253 784 812 1003 1331 1283 1038
13320 789 813 1004 1324 1267 1013
13382 787 807 988 1313 1265 1011
13445 787 806 988 1315 1264 1010
13508 792 807 988 1315 1263 1010
13570 787 807 988 1314 1263 1010
13633 786 807 987 1314 1263 1009
13695 786 807 988 1314 1263 1009
13759 787 807 987 1314 1264 1009
13821 791 806 988 1313 1262 1009
13884 787 806 988 1314 1262 1009
13947 787 806 987 1314 1264 1008
14010 787 806 988 1314 1263 1009
14076 787 806 988 1314 1263 1009
14139 786 806 988 1314 1264 1009
14200 791 807 987 1314 1263 1010
14263 787 806 988 1314 1262 1009
14326 790 806 988 1315 1264 1010
14389 798 807 988 1315 1263 1010
14451 787 806 988 1314 1264 1010
14514 787 807 988 1314 1263 1009
14577 787 806 988 1313 1264 1008
14639 789 806 988 1315 1263 1009
14702 786 805 987 1314 1264 1008
14766 786 806 987 1314 1263 1009
14828 788 805 988 1313 1262 1009
14892 786 806 987 1313 1263 1009
14956 786 806 988 1313 1262 1008
15019 786 806 988 1314 1263 1009
15082 787 807 989 1315 1263 1009
15145 787 806 989 1315 1263 1007
15206 788 806 988 1314 1262 1007
15270 786 806 987 1313 1262 1007
15332 789 806 987 1313 1262 1007
15394 787 806 988 1312 1262 1007
15457 786 806 988 1313 1262 1008
15520 786 806 987 1310 1257 988
15583 788 810 986 1310 1253 977
15645 789 812 987 1310 1253 969
15708 789 813 989 1311 1252 963
15773 791 816 991 1312 1250 955
15836 792 816 990 1311 1249 948
15899 796 817 990 1310 1248 945
15960 795 819 990 1311 1248 937
16023 794 819 989 1309 1245 908
16086 795 819 988 1308 1245 809
16148 795 821 987 1306 1241 731
16211 797 821 985 1305 1235 686
16274 798 823 984 1304 1238 671
16337 797 827 983 1303 1237 670
16400 804 822 981 1302 1236 674
16461 797 823 978 1299 1233 671
16524 798 823 976 1296 1229 671
16587 798 823 973 1292 1226 673
16650 798 824 971 1290 1218 673
16713 798 824 969 1289 1198 674
16775 798 824 967 1287 1116 675
16838 798 824 966 1292 957 686
16901 799 824 965 1284 851 727
16964 798 823 963 1281 810 784
17027 797 823 961 1263 805 907
17090 800 821 959 1167 807 938
17153 797 821 960 999 824 944
17216 795 819 955 910 913 943
17278 797 819 954 850 1071 952
17342 794 817 928 848 1212 955
17404 797 823 811 843 1227 957
17467 792 816 735 892 1232 959
17529 792 815 697 975 1232 962
17591 791 815 686 1113 1237 964
17654 791 815 677 1229 1228 966
17718 791 815 682 1272 1231 968
17781 791 813 682 1276 1232 970
17844 797 813 683 1278 1233 972
17907 791 813 684 1279 1234 973
17970 790 813 687 1281 1239 976
18033 791 812 687 1284 1240 976
18096 791 812 713 1285 1240 978
18159 791 813 747 1287 1240 980
18221 801 811 810 1285 1242 982
18284 790 816 894 1287 1242 982
18347 794 811 940 1290 1243 984
18410 790 810 947 1290 1243 986
18473 791 809 949 1291 1244 987
18537 789 815 954 1293 1247 991
18600 792 810 965 1301 1253 1000
18661 788 807 985 1311 1260 1003
18724 788 807 986 1311 1260 1003
18787 787 807 986 1310 1260 1004
18850 788 806 986 1312 1260 1004
18913 788 806 986 1311 1259 1004
18975 794 806 986 1312 1261 1004
19037 788 807 986 1312 1260 1004
19100 787 806 986 1312 1261 1005
19163 787 807 987 1312 1261 1004
19226 787 807 987 1312 1261 1005
19289 793 807 987 1313 1261 1005
19351 787 807 986 1312 1261 1005
19414 787 807 986 1312 1261 1005
19477 787 807 987 1313 1261 1005
19540 792 805 987 1311 1260 1005
19602 788 806 986 1312 1260 1005
19665 788 805 987 1313 1261 1005
19728 788 806 987 1312 1261 1005
