1 758 755 996 1323 1272 1014
63 759 756 996 1323 1271 1014
126 758 765 996 1323 1272 1013
190 818 837 996 1324 1271 1014
253 759 760 996 1323 1271 1014
314 759 761 996 1323 1270 1014
376 759 762 996 1323 1271 1014
439 768 758 996 1324 1272 1014
502 760 763 996 1324 1271 1013
565 762 759 996 1324 1272 1014
628 756 765 996 1323 1271 1014
691 762 764 995 1323 1271 1013
754 761 769 996 1323 1271 1013
817 761 768 997 1324 1273 1014
880 759 761 996 1324 1272 1014
943 761 760 996 1323 1272 1014
1006 839 837 997 1325 1273 1014
1070 788 767 996 1323 1271 1013
1130 760 767 996 1322 1271 1014
1193 837 837 996 1325 1272 1014
1256 764 766 996 1322 1271 1013
1319 763 758 996 1322 1271 1013
1382 760 764 996 1322 1271 1013
1444 756 761 996 1323 1271 1013
1507 760 756 995 1323 1270 1013
1570 764 758 996 1324 1272 1013
1633 831 836 996 1324 1270 1013
1696 769 758 996 1323 1271 1013
1759 762 768 996 1323 1271 1013
1822 764 760 996 1323 1272 1013
1884 770 753 996 1323 1272 1013
1947 835 841 1000 1326 1266 965
2010 787 798 1005 1327 1262 951
2073 797 806 1008 1328 1261 939
2136 803 805 1008 1328 1260 937
2199 799 806 1009 1328 1262 938
2261 798 804 1009 1328 1261 937
2324 797 805 1008 1327 1260 938
2387 804 804 1008 1328 1260 937
2450 798 805 1007 1328 1261 941
2513 802 804 1005 1326 1262 944
2576 802 803 1005 1326 1261 947
2639 795 797 1002 1324 1260 948
2702 792 797 1001 1322 1259 950
2765 796 804 1000 1322 1259 943
2826 810 820 998 1321 1259 912
2889 841 833 997 1320 1259 851
2952 786 796 996 1320 1258 792
3016 811 844 995 1319 1257 728
3077 837 843 994 1314 1256 692
3140 843 843 993 1318 1257 677
3203 789 796 992 1318 1255 683
3266 842 842 990 1317 1259 687
3328 788 796 990 1318 1260 689
3391 830 842 989 1316 1253 688
3453 842 843 988 1311 1250 686
3516 844 842 987 1311 1245 688
3579 842 842 987 1310 1244 690
3642 842 842 986 1309 1242 692
3704 842 842 986 1309 1240 695
3768 844 842 985 1309 1234 695
3831 828 842 984 1311 1212 706
3893 841 842 983 1311 1122 706
3956 841 842 982 1313 1003 713
4019 789 795 981 1312 933 739
4082 817 841 981 1310 872 777
4144 822 842 980 1307 850 868
4206 835 842 978 1295 821 915
4270 788 793 976 1267 822 964
4333 833 842 975 1170 826 975
4396 833 843 974 1038 837 981
4459 789 796 973 945 869 977
4522 833 843 969 884 894 961
4585 842 842 966 885 958 974
4648 845 842 966 865 1062 981
4710 789 797 958 853 1182 982
4774 830 842 932 854 1240 982
4835 841 842 875 852 1248 983
4898 843 841 782 878 1250 984
4962 842 842 737 918 1252 984
5026 846 841 707 984 1252 985
5089 841 841 701 1072 1254 986
5153 844 841 695 1184 1256 987
5216 841 841 692 1249 1237 987
5279 841 841 693 1281 1243 987
5342 841 841 691 1289 1249 989
5404 842 842 691 1294 1249 990
5466 845 842 693 1295 1249 990
5529 843 841 694 1294 1248 991
5590 842 841 693 1296 1250 991
5653 844 841 694 1297 1252 992
5716 840 840 696 1297 1254 993
5780 840 840 709 1298 1251 993
5843 826 840 730 1300 1253 994
5906 788 794 762 1301 1253 994
5969 824 840 825 1302 1254 996
6030 839 839 921 1304 1256 997
6093 837 839 961 1305 1256 998
6154 839 839 969 1306 1258 1000
6217 838 838 972 1309 1260 1001
6280 806 820 973 1309 1260 1002
6343 807 813 972 1309 1259 1001
6405 800 792 970 1308 1258 1002
6467 793 794 972 1308 1261 1002
6530 800 805 988 1320 1267 1009
6593 778 791 993 1321 1269 1010
6656 791 790 993 1321 1268 1009
6718 776 785 994 1321 1269 1010
6780 781 780 994 1322 1269 1010
6843 833 839 994 1322 1269 1010
6907 792 773 994 1322 1270 1010
6968 776 773 994 1321 1269 1010
7031 780 775 994 1322 1269 1009
7093 773 781 994 1321 1269 1010
7156 827 839 994 1321 1268 1010
7219 783 778 994 1321 1269 1009
7280 778 780 994 1322 1268 1010
7343 776 771 994 1322 1269 1010
7406 780 778 994 1321 1269 1010
7469 782 765 994 1321 1268 1009
7531 776 777 994 1321 1270 1010
7593 777 780 994 1321 1269 1009
7657 778 776 995 1323 1271 1010
7719 840 839 995 1322 1269 1010
7783 775 770 995 1322 1269 1011
7846 776 779 994 1321 1268 1010
7909 770 766 995 1321 1269 1010
7972 778 781 995 1322 1270 1010
8035 838 839 995 1322 1269 1010
8098 779 741 995 1321 1269 1010
8159 774 786 994 1322 1269 1008
8222 756 783 994 1321 1268 1006
8285 843 840 994 1322 1267 999
8348 838 839 995 1321 1267 991
8411 830 840 995 1321 1264 984
8474 844 840 997 1322 1264 983
8536 793 795 997 1322 1263 982
8599 805 840 997 1321 1263 983
8661 840 840 997 1322 1264 983
8724 840 840 997 1321 1263 983
8787 840 840 996 1322 1264 983
8851 828 841 996 1321 1263 982
8911 840 840 996 1322 1264 981
8974 840 841 996 1321 1263 981
9037 840 841 996 1321 1263 980
9100 843 841 996 1321 1263 979
9162 840 860 998 1321 1263 978
9225 840 840 996 1320 1263 978
9288 788 794 995 1320 1262 978
9352 823 841 996 1320 1262 976
9415 840 841 997 1322 1263 976
9478 840 840 995 1320 1263 975
9540 840 841 995 1321 1262 973
9603 790 793 995 1320 1262 968
9666 842 841 995 1320 1261 961
9728 840 840 995 1319 1261 950
9791 843 841 994 1320 1261 934
9854 840 841 994 1320 1261 910
9918 840 840 994 1320 1261 877
9980 831 840 994 1319 1260 835
10043 840 840 993 1319 1260 800
10106 842 841 993 1319 1260 768
10169 840 840 992 1320 1259 745
10232 823 840 993 1319 1259 731
10295 828 841 992 1319 1259 714
10356 842 840 992 1319 1255 699
10419 841 841 992 1313 1255 689
10482 831 840 991 1319 1258 689
10545 823 840 991 1315 1252 689
10606 840 840 990 1312 1250 688
10669 842 841 990 1311 1249 691
10732 840 841 990 1313 1252 692
10796 840 840 989 1312 1251 692
10859 840 840 989 1312 1251 693
10922 794 796 989 1312 1248 695
10985 842 840 988 1310 1246 694
11047 831 841 988 1310 1248 695
11110 840 841 987 1311 1248 696
11172 832 841 988 1313 1247 698
11235 788 796 987 1312 1243 700
11298 844 841 987 1311 1237 701
11361 788 795 986 1311 1230 702
11424 841 840 985 1310 1220 706
11485 840 841 985 1314 1197 706
11548 840 841 984 1313 1157 704
11611 844 841 984 1313 1081 707
11674 841 842 982 1320 1000 711
11737 841 841 982 1312 941 729
11800 841 841 980 1311 902 746
11863 789 794 980 1311 870 770
11926 845 841 980 1308 841 799
11989 842 842 980 1305 819 792
12052 841 842 979 1303 827 840
12115 830 842 979 1302 820 857
12179 787 797 978 1299 820 896
12242 840 843 977 1291 820 941
12303 842 843 976 1277 821 959
12366 842 841 975 1256 822 968
12429 791 795 975 1181 827 973
12491 841 842 974 1101 832 976
12553 834 841 973 1041 843 978
12616 842 842 978 969 867 976
12679 841 842 973 914 886 980
12743 841 842 970 904 944 975
12806 786 795 963 877 1021 993
12869 830 841 968 869 1066 985
12930 834 841 964 863 1146 982
12993 841 841 959 860 1207 982
13056 841 841 946 862 1237 983
13119 833 842 917 863 1245 984
13182 794 797 877 881 1248 984
13245 844 841 827 877 1251 984
13307 841 841 786 892 1252 985
13370 841 841 756 921 1253 985
13433 841 841 727 978 1257 986
13496 841 842 713 1030 1253 986
13560 841 840 708 1100 1254 986
13623 787 794 703 1171 1256 988
13686 842 841 703 1310 1363 989
13747 841 842 701 1267 1243 987
13810 788 795 702 1285 1249 988
13873 842 841 702 1287 1247 988
13936 842 841 702 1292 1247 989
13998 841 841 702 1292 1248 989
14060 844 841 701 1293 1251 989
14124 841 841 700 1294 1249 990
14187 841 841 697 1294 1251 989
14250 841 841 697 1294 1251 990
14313 841 841 702 1296 1251 991
14376 844 841 699 1297 1253 991
14439 841 841 706 1297 1252 991
14502 841 841 709 1296 1251 992
14564 832 841 710 1297 1251 992
14628 840 841 720 1299 1252 993
14691 840 841 734 1300 1251 993
14754 840 841 756 1300 1254 994
14817 841 841 788 1300 1252 994
14879 847 840 813 1301 1253 994
14942 840 841 841 1300 1255 994
15006 791 797 877 1301 1254 994
15069 829 841 917 1302 1254 995
15132 840 840 946 1303 1253 996
15195 792 795 957 1303 1256 995
15257 840 840 962 1302 1255 997
15321 790 795 964 1304 1256 997
15384 843 840 964 1304 1255 997
15445 840 840 963 1303 1255 997
15509 840 840 963 1302 1255 996
15572 842 839 964 1304 1256 997
15634 839 839 969 1308 1261 1002
15697 800 798 989 1318 1268 1008
15760 796 796 992 1319 1268 1009
15823 834 839 993 1320 1269 1009
15885 784 783 993 1321 1268 1009
15948 839 839 994 1320 1267 1009
16011 794 791 993 1320 1268 1009
16073 782 787 993 1320 1268 1009
16135 778 782 994 1320 1269 1009
16198 783 785 994 1321 1268 1009
16261 788 791 994 1320 1269 1009
16325 785 789 993 1320 1268 1009
16388 785 777 993 1321 1268 1009
16450 783 782 994 1321 1269 1009
16512 781 789 993 1321 1268 1009
16575 783 791 994 1321 1268 1009
16638 775 784 993 1320 1268 1008
16700 783 786 993 1321 1269 1008
16763 830 839 993 1320 1269 1007
16826 778 780 993 1321 1269 1006
16889 787 790 993 1321 1268 1007
16952 780 779 994 1321 1268 1006
17015 787 783 994 1321 1269 1005
17078 840 839 994 1322 1270 1003
17141 789 749 994 1321 1267 978
17202 838 839 994 1321 1265 904
17265 791 796 994 1320 1263 826
17328 838 830 996 1322 1261 777
17391 833 830 996 1321 1259 760
17455 791 799 997 1321 1258 749
17518 794 798 996 1320 1257 739
17579 801 798 996 1321 1257 735
17642 798 800 996 1319 1256 724
17705 815 810 995 1318 1253 690
17768 793 796 995 1319 1256 673
17831 826 824 993 1316 1256 660
17894 811 817 993 1323 1261 654
17956 834 833 992 1321 1259 653
18018 818 803 992 1321 1260 652
18081 831 831 991 1321 1258 649
18144 826 804 990 1319 1256 645
18207 809 803 989 1318 1252 636
18271 811 809 988 1316 1247 629
18334 799 801 987 1313 1243 628
18397 799 798 986 1312 1220 631
18459 802 803 984 1313 1160 635
18523 798 803 984 1312 1080 635
18585 786 798 982 1311 1006 638
18648 796 802 981 1309 931 630
18710 796 804 980 1305 874 626
18773 803 799 978 1304 837 627
18835 792 800 977 1300 809 629
18898 795 797 975 1291 796 630
18961 792 798 974 1259 792 626
19024 793 798 972 1185 804 630
19087 790 798 971 1095 840 627
19150 800 800 972 1007 870 635
19212 795 799 969 942 895 645
19275 797 800 966 890 915 672
19338 799 801 964 864 913 693
19401 796 799 961 839 887 710
19464 794 798 953 807 828 735
19527 795 801 936 822 800 781
19590 788 798 896 820 766 823
19653 820 806 852 835 758 864
19715 798 799 809 866 742 928
19777 802 806 777 901 741 952
19840 804 805 730 954 749 966
19903 799 804 707 952 772 968
19966 819 811 682 938 797 967
20029 786 797 666 912 830 973
20092 814 812 656 884 910 970
20155 844 810 649 822 977 975
20219 839 843 646 795 1099 975
20281 843 834 645 778 1186 976
20344 788 798 642 773 1231 976
20408 818 844 633 789 1240 977
20469 843 844 627 827 1244 977
20532 843 843 622 876 1250 980
20594 843 843 625 951 1250 980
20657 843 844 626 1049 1252 982
20720 791 795 624 1137 1256 983
20783 822 843 621 1255 1341 984
20845 842 843 620 1261 1241 984
20907 842 843 620 1281 1245 985
20970 847 843 621 1284 1245 986
21033 846 842 622 1291 1245 987
21096 835 842 621 1291 1247 988
21159 841 842 620 1293 1247 989
21222 834 842 622 1291 1248 989
21285 832 841 622 1286 1248 991
21347 788 795 625 1296 1248 991
21410 823 842 633 1294 1249 992
21473 841 841 649 1296 1250 992
21535 841 841 667 1299 1250 994
21598 787 795 683 1298 1251 994
21662 831 841 702 1299 1253 995
21723 840 840 721 1300 1251 995
21786 840 840 726 1302 1255 996
21848 788 796 738 1303 1255 996
21911 840 840 783 1303 1255 997
21974 837 840 850 1304 1256 998
22037 793 799 917 1306 1256 999
22100 839 839 967 1311 1262 1004
22163 837 815 992 1320 1268 1009
22226 800 802 994 1321 1269 1009
22287 784 798 994 1321 1267 1008
22350 795 803 993 1320 1267 1008
22413 799 798 993 1321 1268 1009
22476 798 799 993 1320 1268 1008
22539 782 808 993 1320 1268 1009
22602 834 839 993 1321 1268 1009
22665 790 797 994 1321 1268 1009
22727 795 791 994 1321 1269 1009
22790 793 799 994 1321 1268 1009
22853 793 790 993 1320 1268 1009
22916 795 789 993 1321 1268 1009
22979 785 795 993 1320 1269 1009
23042 788 801 994 1321 1267 1009
23105 787 794 993 1322 1268 1009
23168 826 827 994 1321 1269 1009
23230 796 791 994 1321 1267 1009
23292 791 798 993 1320 1268 1010
23355 789 797 993 1321 1269 1009
23418 783 789 993 1321 1269 1009
23482 826 839 993 1321 1268 1009
23545 798 787 993 1321 1269 1009
23607 788 780 993 1321 1269 1009
23670 788 792 994 1320 1268 1009
23733 787 789 993 1321 1268 1010
23796 840 839 994 1322 1269 1009
23859 794 790 994 1322 1269 1010
23921 787 780 994 1322 1269 1010
23983 789 783 994 1322 1269 1009
24046 788 793 994 1321 1269 1010
24110 832 839 994 1321 1269 1010
24173 789 778 995 1322 1268 1010
24235 789 784 995 1322 1270 1011
24297 782 788 994 1321 1269 1010
24360 795 781 994 1321 1268 1010
24422 788 783 994 1321 1269 1009
24485 766 787 994 1322 1269 1010
24547 828 839 994 1321 1268 1010
24610 790 789 994 1322 1269 1009
24673 771 794 994 1321 1269 1009
24736 763 787 994 1322 1269 1010
24799 790 789 994 1322 1269 1010
24862 770 786 994 1322 1268 1009
24924 789 793 994 1321 1269 1009
24987 785 789 994 1321 1268 1009
25050 785 782 994 1321 1268 1008
25113 779 788 994 1320 1269 1008
25176 838 839 994 1321 1268 1008
25239 781 784 993 1321 1268 1009
25300 782 791 994 1323 1270 1008
25363 783 788 994 1321 1268 1007
25426 771 788 994 1321 1268 1007
25489 784 784 994 1320 1268 1006
25553 786 797 994 1323 1270 1005
25616 765 784 994 1323 1269 993
25679 829 841 994 1321 1262 954
25742 799 798 999 1324 1258 742
25805 797 809 1002 1328 1255 645
25868 798 814 1001 1322 1251 616
25931 801 811 1000 1323 1249 598
25994 802 813 999 1328 1247 585
26057 808 813 998 1315 1245 587
26120 800 811 997 1313 1248 584
26184 799 815 996 1313 1241 578
26246 804 811 994 1313 1240 577
26308 800 811 993 1313 1237 569
26371 800 811 993 1313 1233 561
26432 801 812 992 1311 1223 557
26495 800 811 991 1315 1197 552
26558 803 812 989 1310 1134 557
26621 801 813 987 1309 1043 551
26684 802 813 985 1308 963 551
26746 803 813 984 1306 884 553
26808 801 814 980 1300 818 561
26873 802 816 977 1292 775 571
26935 802 816 975 1280 747 572
26998 802 817 972 1249 746 565
27061 803 815 968 1155 788 559
27124 801 819 964 1018 844 553
27187 799 815 961 915 911 550
27248 806 815 955 862 945 556
27311 800 814 951 809 934 556
27375 805 815 947 783 902 562
27438 801 814 927 784 847 571
27501 798 818 884 803 792 578
27563 798 813 842 822 765 590
27625 801 814 802 861 747 601
27688 806 813 759 913 723 616
27751 798 813 724 969 737 625
27814 798 811 688 996 741 631
27876 801 811 649 978 789 661
27940 797 810 636 912 806 666
28002 796 808 631 856 812 693
28065 796 808 638 825 834 733
28129 795 808 632 768 810 770
28192 795 807 634 756 823 833
28255 796 807 632 756 792 900
28318 793 805 621 787 813 934
28381 794 804 597 830 821 958
28444 793 804 593 868 856 946
28507 795 807 588 875 914 948
28570 791 802 585 876 983 956
28631 790 802 585 868 1080 954
28694 791 802 584 840 1173 957
28757 791 800 593 814 1222 960
28821 790 799 596 840 1233 962
28884 792 801 588 899 1240 964
28946 791 800 576 989 1239 966
29009 791 800 570 1105 1243 969
29072 794 799 577 1337 1232 970
29133 790 797 582 1278 1238 973
29196 791 799 599 1281 1237 975
29259 790 797 622 1295 1243 977
29322 795 800 647 1286 1241 979
29385 791 798 673 1288 1242 980
29448 793 799 688 1288 1247 981
29510 791 797 724 1291 1245 983
29573 791 799 780 1294 1248 986
29638 794 799 926 1301 1253 992
29700 815 816 970 1306 1257 997
29763 840 839 991 1318 1267 1006
29826 838 838 992 1320 1267 1006
29889 820 838 993 1320 1266 1006
29952 837 838 992 1320 1268 1006
30015 817 838 993 1319 1266 1007
30078 809 837 993 1319 1266 1006
30140 822 837 993 1320 1268 1006
30202 837 837 992 1319 1267 1006
30265 837 837 993 1319 1267 1007
30328 836 835 992 1321 1267 1007
30391 813 837 993 1320 1266 1007
30453 829 837 993 1320 1267 1007
30516 835 837 993 1321 1267 1007
30578 836 837 993 1320 1267 1008
30641 805 801 994 1320 1267 1007
30705 837 837 993 1319 1267 1008
30767 814 830 993 1319 1268 1008
30829 823 837 994 1319 1268 1008
30892 807 818 993 1321 1267 1008
30955 805 817 994 1321 1268 1008
31017 803 814 993 1320 1267 1008
31080 814 818 994 1321 1268 1008
31143 808 833 993 1321 1268 1008
31206 813 836 994 1320 1267 1008
31269 811 817 993 1320 1267 1008
31332 805 822 993 1320 1268 1007
